2.232050808
2.322544506
2.405294127
2.480053934
2.54660764
2.60476915
2.654383196
2.695325847
2.727504901
2.750860159
2.76536357
2.771019259
2.767863428
2.755964137
2.735420962
2.706364532
2.668955953
2.623386111
2.569874862
2.508670115
2.440046809
2.364305786
2.281772569
2.192796041
2.09774705
1.997016914
1.891015869
1.780171432
1.664926707
1.545738638
1.423076206
1.297418582
1.169253255
1.039074121
0.907379553
0.774670467
0.64144837
0.50821342
0.37546249
0.243687251
0.113372282
-0.015006792
-0.140985119
-0.264110392
-0.383944573
-0.50006555
-0.612068733
-0.719568573
-0.822200005
-0.919619804
-1.01150786
-1.097568342
-1.177530785
-1.251151053
-1.318212211
-1.378525279
-1.431929874
-1.478294741
-1.517518163
-1.549528253
-1.574283127
-1.591770958
-1.60200991
-1.605047946
-1.600962529
-1.589860194
-1.57187601
-1.547172929
-1.515941022
-1.47839661
-1.434781287
-1.385360847
-1.330424117
-1.27028169
-1.205264585
-1.135722816
-1.062023895
-0.984551259
-0.903702642
-0.819888386
-0.733529705
-0.645056911
-0.554907599
-0.463524812
-0.371355176
-0.278847036
-0.186448576
-0.094605943
-0.00376139
0.085648574
0.173195005
0.258458311
0.34103
0.420514387
0.496530238
0.568712364
0.636713141
0.700203961
0.758876609
0.812444546
0.860644114
0.90323564
0.940004445
0.970761751
0.995345482
1.013620954
1.025481455
1.030848714
1.029673246
1.021934585
1.007641403
0.986831496
0.959571669
0.925957486
0.886112915
0.840189849
0.788367517
0.730851779
0.667874318
0.599691718
0.526584449
0.448855741
0.36683038
0.280853398
0.191288694
0.098517565
0.002937171
-0.09504107
-0.194993145
-0.296484162
-0.399070121
-0.502299712
-0.605716154
-0.708859061
-0.811266318
-0.912475974
-1.012028138
-1.109466866
-1.204342041
-1.296211227
-1.384641504
-1.469211262
-1.549511959
-1.625149822
-1.695747505
-1.760945673
-1.820404524
-1.873805237
-1.920851338
-1.961269974
-1.994813113
-2.021258625
-2.040411286
-2.052103657
-2.056196871
-2.0525813
-2.041177108
-2.021934694
-1.994835009
-1.959889759
-1.917141482
-1.86666351
-1.808559806
-1.742964681
-1.670042389
-1.589986611
-1.503019811
-1.409392492
-1.309382326
-1.203293188
-1.091454078
-0.974217946
-0.851960421
-0.725078447
-0.593988835
-0.459126735
-0.320944031
-0.179907671
-0.036497933
0.108793366
0.255464701
0.403006725
0.550904176
0.698637814
0.845686386
0.991528587
1.135645039
1.277520256
1.416644606
1.552516244
1.684643031
1.812544405
1.935753224
2.05381755
2.166302382
2.272791329
2.372888212
2.466218587
2.552431196
2.631199322
2.702222061
2.765225489
2.819963733
2.866219937
2.90380711
2.932568875
2.952380092
2.963147362
2.96480942
2.957337401
2.940734978
2.915038387
2.880316318
2.836669696
2.784231322
2.72316541
2.653666994
2.575961224
2.490302542
2.396973752
2.29628498
2.188572531
2.074197646
1.953545166
1.827022106
1.695056144
1.558094033
1.416599943
1.271053734
1.121949172
0.969792096
0.815098532
0.658392777
0.500205452
0.341071528
0.181528339
0.022113589
-0.136636639
-0.294189877
-0.450019234
-0.60360535
-0.754438308
-0.902019515
-1.045863539
-1.185499883
-1.320474716
-1.450352524
-1.574717696
-1.693176035
-1.805356174
-1.910910917
-2.009518474
-2.100883603
-2.184738649
-2.26084447
-2.328991261
-2.388999256
-2.44071932
-2.484033418
-2.518854966
-2.54512906
-2.562832581
-2.571974184
-2.572594155
-2.564764152
-2.548586829
-2.524195332
-2.491752688
-2.451451069
-2.403510958
-2.348180196
-2.285732929
-2.216468457
-2.140709986
-2.058803289
-1.971115286
-1.878032541
-1.779959685
-1.67731778
-1.570542612
-1.460082939
-1.346398688
-1.229959112
-1.111240919
-0.990726371
-0.868901372
-0.746253537
-0.623270269
-0.500436836
-0.37823446
-0.257138428
-0.137616234
-0.020125751
0.094886552
0.206987343
0.315758106
0.420796755
0.52171918
0.618160719
0.70977755
0.79624799
0.877273712
0.952580862
1.021921073
1.085072381
1.141840026
1.19205715
1.235585376
1.272315272
1.302166703
1.325089056
1.341061352
1.350092238
1.352219855
1.347511595
1.336063727
1.318000927
1.293475671
1.262667535
1.225782376
1.183051409
1.134730188
1.081097481
1.022454059
0.959121394
0.891440275
0.819769347
0.744483577
0.665972659
0.584639358
0.500897798
0.415171716
0.327892666
0.239498198
0.150430017
0.061132118
-0.027951082
-0.116376616
-0.203704826
-0.28950122
-0.373338295
-0.45479734
-0.533470198
-0.608960988
-0.680887774
-0.748884182
-0.812600949
-0.871707402
-0.925892869
-0.974868
-1.018366009
-1.056143815
-1.087983101
-1.113691257
-1.133102233
-1.146077273
-1.152505547
-1.152304663
-1.145421068
-1.13183033
-1.111537306
-1.084576181
-1.0510104
-1.010932473
-0.964463663
-0.91175356
-0.852979534
-0.788346082
-0.718084057
-0.64244979
-0.561724113
-0.476211275
-0.386237765
-0.292151042
-0.194318175
-0.09312441
0.011028351
0.11772313
0.226529523
0.337005407
0.448698695
0.561149138
0.673890158
0.786450719
0.898357211
1.009135352
1.118312103
1.22541757
1.329986908
1.431562206
1.529694347
1.62394484
1.713887614
1.799110765
1.87921825
1.95383153
2.022591136
2.085158175
2.141215746
2.190470287
2.232652821
2.267520116
2.29485574
2.31447102
2.326205893
2.329929638
2.325541512
2.312971252
2.292179472
2.263157934
2.2259297
2.180549165
2.127101961
2.065704747
1.996504875
1.919679934
1.835437179
1.744012841
1.645671328
1.54070431
1.429429699
1.312190527
1.189353721
1.06130879
0.928466415
0.791256961
0.650128905
0.505547199
0.357991557
0.207954692
0.055940495
-0.097537832
-0.25195968
-0.406798968
-0.561526102
-0.715609953
-0.868519841
-1.019727519
-1.168709153
-1.314947287
-1.457932785
-1.597166743
-1.732162371
-1.862446815
-1.98756295
-2.107071094
-2.220550672
-2.327601799
-2.427846794
-2.520931603
-2.60652714
-2.684330531
-2.754066255
-2.815487193
-2.868375558
-2.912543722
-2.947834926
-2.974123872
-2.991317199
-2.999353837
-2.998205236
-2.987875476
-2.968401253
-2.939851735
-2.902328307
-2.855964179
-2.800923889
-2.737402677
-2.665625742
-2.585847398
-2.498350104
-2.403443399
-2.301462732
-2.192768192
-2.077743149
-1.956792804
-1.830342662
-1.698836922
-1.562736806
-1.422518821
-1.27867296
-1.131700861
-0.982113922
-0.830431377
-0.677178346
-0.522883871
-0.368078932
-0.213294458
-0.059059351
0.094101495
0.24566914
0.395132534
0.541990407
0.685753127
0.825944506
0.962103555
1.093786173
1.220566772
1.342039827
1.457821347
1.567550258
1.670889698
1.767528212
1.857180857
1.939590186
2.014527142
2.081791826
2.14121416
2.192654426
2.236003696
2.271184132
2.298149169
2.316883577
2.327403399
2.329755772
2.324018619
2.310300232
2.288738729
2.259501399
2.22278394
2.178809577
2.127828081
2.070114688
2.005968915
1.935713291
1.859691988
1.778269387
1.691828554
1.600769651
1.505508286
1.406473801
1.304107514
1.198860911
1.091193815
0.981572508
0.87046785
0.758353372
0.645703363
0.532990969
0.420686289
0.309254491
0.199153955
0.090834445
-0.015264684
-0.118716226
-0.219106821
-0.316038584
-0.409130675
-0.498020794
-0.582366602
-0.661847055
-0.73616365
-0.805041584
-0.868230807
-0.925506976
-0.976672309
-1.021556325
-1.060016467
-1.091938626
-1.117237533
-1.135857045
-1.147770306
-1.152979792
-1.151517234
-1.143443426
-1.128847911
-1.107848553
-1.080590997
-1.047248004
-1.008018696
-0.963127673
-0.912824045
-0.85738035
-0.797091388
-0.73227296
-0.66326052
-0.59040775
-0.514085064
-0.434678037
-0.352585778
-0.268219245
-0.181999514
-0.094356007
-0.005724677
0.083453814
0.172735964
0.261677283
0.349834176
0.436765802
0.522035937
0.605214812
0.685880928
0.763622836
0.838040882
0.9087489
0.975375856
1.037567429
1.094987525
1.14731972
1.194268625
1.235561166
1.270947772
1.300203476
1.323128907
1.339551194
1.349324748
1.352331944
1.34848369
1.337719878
1.320009723
1.295351975
1.263775027
1.225336886
1.180125039
1.128256191
1.069875886
1.005158019
0.934304218
0.857543129
0.775129579
0.687343641
0.594489589
0.496894758
0.394908306
0.28889989
0.179258256
0.066389744
-0.049283271
-0.167324014
-0.287282999
-0.408699781
-0.531104744
-0.65402094
-0.77696596
-0.899453821
-1.020996887
-1.141107791
-1.259301357
-1.375096535
-1.488018301
-1.597599561
-1.703383008
-1.80492296
-1.901787149
-1.993558465
-2.079836641
-2.160239879
-2.234406409
-2.301995969
-2.362691207
-2.416198999
-2.46225167
-2.500608125
-2.531054874
-2.553406955
-2.567508749
-2.573234679
-2.570489799
-2.559210261
-2.539363668
-2.510949301
-2.473998228
-2.428573288
-2.374768953
-2.312711072
-2.242556487
-2.164492531
-2.078736417
-1.985534493
-1.885161405
-1.777919133
-1.664135928
-1.54416515
-1.418384001
-1.28719217
-1.151010387
-1.010278896
-0.865455854
-0.717015655
-0.56544719
-0.411252058
-0.254942714
-0.097040581
0.061925872
0.221423086
0.380914389
0.53986198
0.69772893
0.853981169
1.008089474
1.159531434
1.30779339
1.452372348
1.592777847
1.728533785
1.859180188
1.984274917
2.103395315
2.216139771
2.322129216
2.421008519
2.512447808
2.596143684
2.67182034
2.739230574
2.798156693
2.848411306
2.889838003
2.922311909
2.945740134
2.960062082
2.965249653
2.961307316
2.948272056
2.926213199
2.89523212
2.855461821
2.807066397
2.750240377
2.685207958
2.612222119
2.531563633
2.443539972
2.34848411
2.246753232
2.138727356
2.024807859
1.905415938
1.780990987
1.65198891
1.518880374
1.382149008
1.242289556
1.09980599
0.955209589
0.809016994
0.661748252
0.513924838
0.366067688
0.218695228
0.072321424
-0.072546155
-0.215408237
-0.355775718
-0.493171488
-0.627132205
-0.757210013
-0.882974201
-1.004012783
-1.119934011
-1.230367803
-1.33496708
-1.433409016
-1.525396191
-1.610657639
-1.688949789
-1.760057307
-1.823793815
-1.880002498
-1.9285566
-1.969359794
-2.002346436
-2.027481697
-2.044761572
-2.054212771
-2.055892489
-2.049888055
-2.036316465
-2.015323794
-1.987084506
-1.951800639
-1.909700894
-1.861039617
-1.806095679
-1.745171266
-1.678590575
-1.606698429
-1.529858812
-1.448453328
-1.362879599
-1.273549597
-1.180887925
-1.085330052
-0.987320506
-0.887311038
-0.785758754
-0.683124239
-0.57986966
-0.476456878
-0.373345554
-0.270991275
-0.169843693
-0.070344701
0.027073367
0.121989486
0.21399565
0.302698516
0.387720996
0.468703773
0.545306749
0.61721041
0.684117104
0.745752233
0.801865346
0.852231134
0.896650322
0.934950454
0.966986568
0.992641756
1.011827615
1.024484574
1.03058211
1.030118842
1.023122504
1.009649804
0.989786161
0.963645329
0.931368898
0.893125689
0.849111034
0.799545949
0.744676203
0.684771281
0.620123257
0.551045569
0.477871711
0.400953836
0.320661291
0.237379073
0.151506227
0.06345418
-0.026354971
-0.117490222
-0.209513457
-0.301981276
-0.394446845
-0.486461766
-0.577577947
-0.667349484
-0.755334521
-0.841097113
-0.924209053
-1.004251681
-1.080817646
-1.153512631
-1.221957031
-1.285787564
-1.344658826
-1.398244774
-1.446240133
-1.48836172
-1.524349686
-1.553968656
-1.577008787
-1.593286709
-1.602646373
-1.604959787
-1.600127638
-1.588079804
-1.568775745
-1.542204784
-1.508386261
-1.467369569
-1.419234074
-1.36408891
-1.302072657
-1.233352901
-1.158125675
-1.076614791
-0.98907105
-0.895771358
-0.797017716
-0.69313613
-0.584475405
-0.471405859
-0.354317939
-0.233620762
-0.109740573
0.016880864
0.145787943
0.276512951
0.408577851
0.541496116
0.674774595
0.807915415
0.940417898
1.071780502
1.201502766
1.329087252
1.454041487
1.575879885
1.694125646
1.808312627
1.917987178
2.022709929
2.122057526
2.215624315
2.303023948
2.383890936
2.457882104
2.524677983
2.583984094
2.635532154
2.679081175
2.714418461
2.741360502
2.759753749
2.769475286
2.770433378
2.762567902
2.745850659
2.720285566
2.685908715
2.642788327
2.591024564
2.530749235
2.462125366
2.385346664
2.300636854
2.208248903
2.108464135
2.001591231
1.88796513
1.767945825
1.641917063
1.510284957
1.373476503
1.23193803
1.086133562
0.936543118
0.783660954
0.62799374
0.470058698
0.310381694
0.149495298
-0.012063181
-0.173753682
-0.335035386
-0.495368716
-0.654217332
-0.811050111
-0.965343115
-1.116581523
-1.264261532
-1.407892218
-1.546997344
-1.681117116
-1.809809872
-1.932653704
-2.049248007
-2.15921494
-2.262200804
-2.357877332
-2.445942871
-2.526123473
-2.598173872
-2.661878358
-2.717051531
-2.763538948
-2.801217642
-2.829996529
-2.849816689
-2.860651526
-2.862506802
-2.855420554
-2.83946288
-2.814735612
-2.781371858
-2.739535438
-2.689420191
-2.631249178
-2.565273771
-2.491772629
-2.411050587
-2.32343743
-2.229286581
-2.128973704
-2.022895217
-1.911466734
-1.795121432
-1.674308355
-1.549490662
-1.421143822
-1.289753765
-1.155815
-1.019828697
-0.882300755
-0.74373985
-0.60465548
-0.465556008
-0.326946719
-0.189327885
-0.053192861
0.08097379
0.212698134
0.341518659
0.46698801
0.588674674
0.706164586
0.819062679
0.92699434
1.029606796
1.1265704
1.217579834
1.302355202
1.380643032
1.452217159
1.516879514
1.574460784
1.624820969
1.667849814
1.703467129
1.731622983
1.752297783
1.765502227
1.771277143
1.769693202
1.760850519
1.744878133
1.721933374
1.692201122
1.655892952
1.613246177
1.564522793
